375.168,203.031,760,428
132776518028774493,590.08,590.306,0.702568,0.26701,-0.659625,0.300364,-0.0994692,0.954685,0.280503,0.116137,0.704631,-0.13146,0.697291,-0.33115,0,0,0,1
132776518030773665,593.373,593.542,0.70137,0.270894,-0.659317,0.300656,-0.101203,0.953443,0.284085,0.114464,0.705577,-0.132525,0.696132,-0.332305,0,0,0,1
132776518031106860,593.934,594.092,0.702379,0.269492,-0.658816,0.300542,-0.100556,0.953843,0.282969,0.1146,0.704665,-0.132504,0.69706,-0.332609,0,0,0,1
132776518031440054,594.496,594.642,0.703072,0.26934,-0.65814,0.300338,-0.100378,0.953819,0.283115,0.11456,0.703999,-0.132987,0.69764,-0.332805,0,0,0,1
132776518031773250,594.87,595.008,0.704203,0.269259,-0.656962,0.300129,-0.100648,0.953813,0.28304,0.11459,0.702829,-0.133196,0.698779,-0.333015,0,0,0,1
132776518032106445,594.87,595.008,0.705728,0.268568,-0.655607,0.299944,-0.101116,0.954075,0.281989,0.114737,0.701231,-0.132715,0.700474,-0.333251,0,0,0,1
132776518032439640,594.87,595.008,0.707044,0.268165,-0.654353,0.29977,-0.101458,0.954206,0.281422,0.114836,0.699854,-0.132588,0.701874,-0.333472,0,0,0,1
132776518032772835,594.87,595.008,0.708057,0.267744,-0.65343,0.299576,-0.101356,0.954285,0.28119,0.114891,0.698844,-0.132869,0.702826,-0.333671,0,0,0,1
132776518033106031,594.87,595.008,0.709159,0.266108,-0.652903,0.299331,-0.100676,0.954768,0.279792,0.115053,0.697825,-0.132686,0.703873,-0.333935,0,0,0,1
132776518033439226,594.309,594.459,0.71083,0.264523,-0.651729,0.298983,-0.100168,0.955213,0.278451,0.115152,0.696195,-0.132649,0.705491,-0.334292,0,0,0,1
132776518033772421,593.747,593.909,0.712741,0.263263,-0.65015,0.298634,-0.100361,0.955632,0.276939,0.115228,0.694212,-0.132136,0.70754,-0.334746,0,0,0,1
132776518034105616,593.186,593.359,0.715227,0.261174,-0.64826,0.298348,-0.10009,0.956267,0.274837,0.115309,0.691689,-0.131686,0.71009,-0.335321,0,0,0,1
132776518034438811,592.438,592.626,0.717349,0.259987,-0.646389,0.298163,-0.100255,0.95663,0.273511,0.115228,0.689464,-0.131399,0.712303,-0.33597,0,0,0,1
132776518034772007,591.877,592.076,0.719771,0.258244,-0.644393,0.298089,-0.0999923,0.957121,0.271884,0.115124,0.686974,-0.13126,0.714731,-0.336741,0,0,0,1
132776518035105202,591.324,591.534,0.721943,0.257168,-0.64239,0.298195,-0.09939,0.957284,0.271532,0.114851,0.684778,-0.132183,0.716665,-0.337511,0,0,0,1
132776518035438397,590.791,591.008,0.723834,0.256876,-0.640376,0.29849,-0.0980946,0.956998,0.273005,0.114394,0.682966,-0.134793,0.717907,-0.338146,0,0,0,1
132776518035771592,590.257,590.482,0.724552,0.256993,-0.639516,0.299041,-0.0962186,0.956512,0.275367,0.113922,0.682471,-0.137985,0.717771,-0.338495,0,0,0,1
132776518036104787,589.902,590.131,0.724624,0.257527,-0.63922,0.299695,-0.0941697,0.955855,0.278342,0.113498,0.682681,-0.141498,0.716887,-0.338506,0,0,0,1
132776518036437983,589.368,589.605,0.724091,0.258179,-0.639561,0.300412,-0.0926543,0.955302,0.280738,0.11324,0.683454,-0.144021,0.715647,-0.338198,0,0,0,1
132776518036771178,589.368,589.605,0.723494,0.257932,-0.640336,0.301143,-0.0911806,0.955154,0.281723,0.113186,0.684284,-0.145439,0.714566,-0.337631,0,0,0,1
132776518037104373,589.368,589.605,0.722865,0.257657,-0.641157,0.303626,-0.0899689,0.955076,0.282377,0.11309,0.68511,-0.146436,0.713572,-0.336163,0,0,0,1
132776518037437568,589.368,589.605,0.722565,0.257745,-0.641459,0.304287,-0.0887527,0.954805,0.283678,0.11301,0.685584,-0.148044,0.712784,-0.335106,0,0,0,1
132776518037770764,589.368,589.605,0.722634,0.257977,-0.641288,0.304871,-0.0885019,0.954641,0.284305,0.113086,0.685544,-0.148693,0.712687,-0.33409,0,0,0,1
132776518038103958,589.368,589.605,0.722866,0.258684,-0.640743,0.305317,-0.0892419,0.954466,0.284663,0.113152,0.685204,-0.148591,0.713035,-0.333001,0,0,0,1
132776518038437153,589.368,589.605,0.722888,0.260114,-0.640139,0.304326,-0.0910244,0.954213,0.284945,0.113184,0.684946,-0.147714,0.713465,-0.332493,0,0,0,1
132776518038770349,589.368,589.605,0.722729,0.262849,-0.6392,0.304711,-0.09402,0.953651,0.285851,0.112913,0.684709,-0.146495,0.713944,-0.331555,0,0,0,1
132776518039103544,589.368,589.605,0.722731,0.265537,-0.638086,0.304826,-0.0968994,0.95306,0.286859,0.112624,0.684306,-0.145491,0.714536,-0.330915,0,0,0,1
132776518039436739,589.368,589.605,0.722777,0.267827,-0.637076,0.30465,-0.0987914,0.952425,0.28832,0.112283,0.683986,-0.145453,0.71485,-0.330553,0,0,0,1
132776518039769934,589.368,589.605,0.723743,0.268461,-0.63571,0.304087,-0.0986078,0.952004,0.28977,0.112015,0.682989,-0.147033,0.715479,-0.330436,0,0,0,1
132776518040103129,589.368,589.605,0.72476,0.268279,-0.634628,0.303339,-0.0976577,0.951781,0.290825,0.111833,0.682047,-0.148802,0.716011,-0.330422,0,0,0,1
132776518040436325,589.368,589.605,0.725537,0.268215,-0.633767,0.302492,-0.0966074,0.951501,0.292087,0.111653,0.68137,-0.150693,0.71626,-0.330474,0,0,0,1
132776518040769520,589.368,589.605,0.726618,0.267424,-0.632863,0.301533,-0.0941998,0.951217,0.293794,0.111545,0.680556,-0.15386,0.716361,-0.330632,0,0,0,1
132776518041102715,589.368,589.605,0.728135,0.26347,-0.632777,0.300402,-0.0888272,0.95166,0.294031,0.111615,0.679657,-0.157886,0.716339,-0.330929,0,0,0,1
132776518041435910,589.368,589.605,0.730185,0.258076,-0.632639,0.299052,-0.0829974,0.952568,0.292793,0.111912,0.678193,-0.161285,0.716969,-0.331356,0,0,0,1
132776518041769106,589.368,589.605,0.731137,0.255523,-0.632574,0.297933,-0.0807856,0.953115,0.29163,0.112072,0.677433,-0.162118,0.717499,-0.331751,0,0,0,1
132776518042102300,589.368,589.605,0.731372,0.254814,-0.632589,0.297344,-0.0795132,0.95311,0.291995,0.111887,0.67733,-0.163257,0.717338,-0.332073,0,0,0,1
132776518042435496,589.368,589.605,0.730943,0.255623,-0.632758,0.297169,-0.0781306,0.952448,0.294518,0.111352,0.677953,-0.165838,0.716156,-0.332272,0,0,0,1
132776518042768691,589.368,589.605,0.729446,0.258084,-0.633486,0.297332,-0.0775939,0.951336,0.29823,0.110533,0.679625,-0.168388,0.713973,-0.332372,0,0,0,1
132776518043101886,589.368,589.605,0.727892,0.259904,-0.634529,0.297648,-0.0763093,0.950338,0.301724,0.109732,0.681436,-0.171202,0.711575,-0.33249,0,0,0,1
132776518044101472,589.368,589.605,0.72607,0.265283,-0.634391,0.298259,-0.0697463,0.946238,0.315864,0.108014,0.684078,-0.185092,0.705537,-0.332836,0,0,0,1
132776518044434667,589.368,589.605,0.726051,0.269108,-0.632799,0.298669,-0.0723043,0.945019,0.318925,0.108353,0.683831,-0.185802,0.705589,-0.332417,0,0,0,1
132776518044767862,589.368,589.605,0.725905,0.268541,-0.633208,0.299369,-0.0724272,0.945357,0.317893,0.108903,0.683974,-0.184898,0.705688,-0.331767,0,0,0,1
132776518045101057,589.368,589.605,0.72659,0.265884,-0.633542,0.300191,-0.0692469,0.945732,0.317487,0.108977,0.683575,-0.186812,0.705571,-0.331312,0,0,0,1
132776518045434253,589.368,589.605,0.72465,0.267331,-0.635153,0.301266,-0.0667743,0.944591,0.32139,0.108509,0.685877,-0.190483,0.702348,-0.331056,0,0,0,1
132776518045767447,589.368,589.605,0.720935,0.268301,-0.638961,0.302684,-0.0638102,0.943798,0.324307,0.108098,0.690061,-0.193032,0.697537,-0.330932,0,0,0,1
132776518046100643,589.368,589.605,0.716084,0.270926,-0.643294,0.304163,-0.0613126,0.942453,0.32867,0.107458,0.695319,-0.195913,0.691486,-0.330853,0,0,0,1
132776518046433838,589.368,589.605,0.71093,0.275713,-0.646965,0.305708,-0.0600697,0.94039,0.334753,0.106787,0.700694,-0.199123,0.685113,-0.330597,0,0,0,1
132776518046767033,589.368,589.605,0.707119,0.275056,-0.651407,0.307192,-0.0563736,0.940239,0.33582,0.106623,0.704847,-0.200742,0.680365,-0.330248,0,0,0,1
132776518047100228,589.368,589.605,0.704122,0.275362,-0.654517,0.308302,-0.054185,0.939897,0.337134,0.106694,0.708011,-0.201918,0.676721,-0.330041,0,0,0,1
132776518047433423,589.368,589.605,0.701275,0.274215,-0.658045,0.309416,-0.0534302,0.940684,0.335055,0.107643,0.710888,-0.199806,0.674328,-0.33003,0,0,0,1
132776518047766619,589.368,589.605,0.699447,0.267816,-0.662609,0.310715,-0.0516698,0.943657,0.32687,0.109709,0.712816,-0.194391,0.673876,-0.330108,0,0,0,1
132776518048099813,589.368,589.605,0.697602,0.262488,-0.666675,0.311957,-0.0520663,0.946588,0.318216,0.112418,0.714594,-0.187277,0.674008,-0.330168,0,0,0,1
132776518048433009,589.368,589.605,0.694801,0.258384,-0.671187,0.313263,-0.0531508,0.949132,0.310364,0.115283,0.717237,-0.179967,0.67319,-0.330305,0,0,0,1
132776518048766204,589.368,589.605,0.691956,0.253717,-0.675891,0.314564,-0.0540336,0.951787,0.301966,0.118267,0.719917,-0.172426,0.672303,-0.330495,0,0,0,1
132776518049099400,589.368,589.605,0.689312,0.249522,-0.680141,0.315939,-0.0525544,0.953565,0.296571,0.120926,0.722558,-0.168685,0.670417,-0.330628,0,0,0,1
132776518049432594,589.368,589.605,0.686551,0.247448,-0.683682,0.317254,-0.0520744,0.954627,0.29322,0.123307,0.725217,-0.165707,0.668285,-0.331005,0,0,0,1
132776518049765789,589.368,589.605,0.683946,0.246408,-0.686661,0.318527,-0.0559599,0.956179,0.287387,0.125898,0.727385,-0.158131,0.667764,-0.331752,0,0,0,1
132776518050098985,589.368,589.605,0.681205,0.247282,-0.689068,0.31979,-0.0620856,0.95735,0.282183,0.128527,0.729457,-0.149443,0.667505,-0.332618,0,0,0,1
132776518050432180,589.368,589.605,0.678303,0.250928,-0.690611,0.321034,-0.0692372,0.957528,0.279908,0.131075,0.731515,-0.142046,0.666867,-0.333706,0,0,0,1
132776518050765375,589.368,589.605,0.676844,0.254032,-0.690908,0.322314,-0.0765281,0.957766,0.277181,0.13406,0.73214,-0.134734,0.667698,-0.334935,0,0,0,1
132776518051098570,589.368,589.605,0.674989,0.254128,-0.692686,0.323895,-0.0834414,0.959083,0.270553,0.137746,0.733097,-0.124821,0.668574,-0.336236,0,0,0,1
132776518051431765,589.368,589.605,0.670991,0.252384,-0.697192,0.325629,-0.0896225,0.960999,0.26163,0.141441,0.736032,-0.113067,0.66744,-0.337386,0,0,0,1
132776518051764961,589.368,589.605,0.66628,0.254701,-0.700858,0.327242,-0.0908859,0.960591,0.26269,0.144812,0.740144,-0.111327,0.663171,-0.338185,0,0,0,1
132776518052098156,589.368,589.605,0.657912,0.255299,-0.708504,0.329401,-0.0887262,0.960512,0.263717,0.149076,0.747853,-0.110639,0.654583,-0.338876,0,0,0,1
132776518052431351,589.368,589.605,0.645465,0.246595,-0.72289,0.332913,-0.0821805,0.963376,0.255253,0.154255,0.759358,-0.105349,0.64209,-0.339725,0,0,0,1
132776518052764546,589.368,589.605,0.629419,0.230947,-0.741955,0.337219,-0.0731625,0.968186,0.2393,0.15964,0.773615,-0.0963366,0.626292,-0.340177,0,0,0,1
132776518053097741,589.368,589.605,0.609994,0.218287,-0.761749,0.34176,-0.0620537,0.971516,0.228708,0.163894,0.789974,-0.0922409,0.606164,-0.340199,0,0,0,1
132776518053430936,589.368,589.605,0.586536,0.216229,-0.780528,0.34651,-0.0550153,0.972115,0.227963,0.166839,0.808055,-0.0907674,0.582076,-0.34007,0,0,0,1
132776518053764132,589.368,589.605,0.557314,0.220606,-0.800461,0.351689,-0.0479974,0.971006,0.234191,0.168846,0.828915,-0.0920977,0.551744,-0.339872,0,0,0,1
132776518054097327,589.368,589.605,0.528455,0.230777,-0.816995,0.357076,-0.0468981,0.968811,0.243326,0.169904,0.847667,-0.0902712,0.522796,-0.340453,0,0,0,1
132776518054430522,589.368,589.605,0.497328,0.248607,-0.831182,0.362836,-0.0489945,0.964583,0.259193,0.169604,0.86618,-0.0881805,0.491894,-0.341564,0,0,0,1
132776518054763718,589.368,589.605,0.471144,0.270384,-0.839595,0.368852,-0.0496288,0.958477,0.28082,0.167494,0.880661,-0.0906386,0.464999,-0.343205,0,0,0,1
132776518055096912,589.368,589.605,0.439074,0.299557,-0.847044,0.374235,-0.0557084,0.950044,0.307107,0.164249,0.896724,-0.0876548,0.433827,-0.34406,0,0,0,1
132776518055430108,589.368,589.605,0.407339,0.337137,-0.848774,0.378989,-0.0684154,0.938024,0.339754,0.160012,0.910713,-0.0803258,0.405159,-0.345018,0,0,0,1
132776518055763302,589.368,589.605,0.376568,0.373989,-0.847545,0.383455,-0.0833368,0.924856,0.371077,0.155749,0.922635,-0.0691035,0.379438,-0.346784,0,0,0,1
132776518056096498,589.368,589.605,0.343273,0.413809,-0.843166,0.387842,-0.0970806,0.908538,0.406369,0.152272,0.934207,-0.0576404,0.352049,-0.349129,0,0,0,1
132776518056429693,589.368,589.605,0.31608,0.434051,-0.843621,0.393209,-0.104319,0.899717,0.423827,0.150624,0.942982,-0.0459575,0.329662,-0.352122,0,0,0,1
132776518056762888,589.368,589.605,0.280477,0.447649,-0.849086,0.399503,-0.10787,0.893688,0.435532,0.149703,0.953782,-0.0305659,0.298947,-0.354545,0,0,0,1
132776518057096083,589.368,589.605,0.241733,0.458524,-0.855175,0.406417,-0.105636,0.888508,0.446537,0.148771,0.964577,-0.0176059,0.263219,-0.35677,0,0,0,1
132776518057429278,589.368,589.605,0.202042,0.463791,-0.862601,0.412993,-0.0938112,0.885879,0.454334,0.148279,0.974875,-0.0108732,0.222494,-0.358279,0,0,0,1
132776518057762474,589.368,589.605,0.154499,0.469052,-0.869554,0.420234,-0.076707,0.883159,0.462762,0.147448,0.985012,-0.00479525,0.172427,-0.359252,0,0,0,1
132776518059095254,589.368,589.605,-0.0957739,0.439319,-0.893213,0.453545,0.031698,0.898229,0.438386,0.142711,0.9949,0.0136717,-0.0999518,-0.35893,0,0,0,1
132776518059428449,589.368,589.605,-0.172099,0.41515,-0.893328,0.462295,0.0439619,0.909192,0.414052,0.142553,0.9841,0.0319844,-0.174721,-0.358469,0,0,0,1
132776518059761645,589.368,589.605,-0.242821,0.388242,-0.888993,0.471737,0.0477656,0.920094,0.388777,0.142311,0.968896,0.0519387,-0.241963,-0.358649,0,0,0,1
132776518060094840,589.368,589.605,-0.283192,0.358926,-0.889369,0.481222,0.0565452,0.931966,0.358111,0.141759,0.957396,0.0511234,-0.28422,-0.360301,0,0,0,1
132776518060428035,589.368,589.605,-0.310846,0.356654,-0.881008,0.489328,0.0431397,0.931267,0.361778,0.139981,0.949482,0.0744496,-0.304866,-0.363277,0,0,0,1
132776518060761231,589.368,589.605,-0.345535,0.336086,-0.876159,0.49801,0.0287394,0.937019,0.348096,0.139422,0.937967,0.0950981,-0.333431,-0.365721,0,0,0,1
132776518061094425,589.368,589.605,-0.385529,0.320261,-0.865334,0.507373,0.0224212,0.940807,0.338203,0.138096,0.922425,0.110984,-0.369888,-0.366535,0,0,0,1
132776518061427621,589.368,589.605,-0.427828,0.311829,-0.848368,0.516259,0.035654,0.943697,0.328888,0.135638,0.903159,0.110458,-0.414857,-0.365683,0,0,0,1
132776518061760815,589.368,589.605,-0.472435,0.309076,-0.825397,0.524716,0.0553491,0.945053,0.3222,0.132349,0.879628,0.106532,-0.463582,-0.364429,0,0,0,1
132776518062094011,589.368,589.605,-0.517418,0.309068,-0.797971,0.532867,0.0692214,0.944561,0.320959,0.128763,0.85293,0.110832,-0.510126,-0.363777,0,0,0,1
132776518062427207,589.368,589.605,-0.561669,0.301797,-0.770357,0.540464,0.0722403,0.945432,0.317712,0.125687,0.824204,0.122797,-0.55282,-0.363256,0,0,0,1
132776518062760401,589.368,589.605,-0.604001,0.284864,-0.744338,0.547712,0.0684204,0.949028,0.307679,0.123591,0.794043,0.134909,-0.592703,-0.36355,0,0,0,1
132776518063093596,589.368,589.605,-0.639525,0.263505,-0.7222,0.553956,0.0591623,0.953506,0.295511,0.122287,0.766491,0.14626,-0.62538,-0.364601,0,0,0,1
132776518063426791,589.368,589.605,-0.669308,0.239265,-0.703406,0.559035,0.0497096,0.959028,0.278916,0.12143,0.741321,0.151714,-0.653779,-0.365614,0,0,0,1
132776518063759987,588.835,589.078,-0.696071,0.213361,-0.685538,0.563572,0.0433293,0.965568,0.25652,0.12071,0.716665,0.148852,-0.681348,-0.366291,0,0,0,1
132776518064093182,588.301,588.552,-0.717504,0.189572,-0.670262,0.566325,0.0414684,0.972172,0.23057,0.119845,0.695319,0.13764,-0.705398,-0.367452,0,0,0,1
132776518064426377,588.123,588.377,-0.735265,0.170291,-0.656039,0.567882,0.0407787,0.977284,0.207975,0.118506,0.676553,0.126164,-0.725507,-0.368811,0,0,0,1
132776518064759572,588.123,588.377,-0.749678,0.153803,-0.643683,0.568462,0.0429085,0.98187,0.184636,0.116866,0.66041,0.110798,-0.742686,-0.370353,0,0,0,1
132776518065092768,588.123,588.377,-0.760676,0.139248,-0.634022,0.568512,0.0449642,0.985678,0.162535,0.115124,0.647574,0.095128,-0.756042,-0.372179,0,0,0,1
132776518065425962,588.123,588.377,-0.769176,0.124105,-0.626871,0.568273,0.0417736,0.988627,0.144467,0.113519,0.63767,0.0849338,-0.765613,-0.374131,0,0,0,1
132776518065759158,588.123,588.377,-0.775466,0.108489,-0.622,0.567828,0.0360318,0.991126,0.12795,0.112444,0.630361,0.0768087,-0.772493,-0.376366,0,0,0,1
132776518066092353,588.123,588.377,-0.779239,0.0943395,-0.619587,0.567374,0.0313134,0.993232,0.11185,0.112249,0.625945,0.0677558,-0.776918,-0.378896,0,0,0,1
132776518066425548,588.123,588.377,-0.779299,0.0766909,-0.621942,0.567939,0.0221519,0.995234,0.0949649,0.113108,0.626261,0.0602283,-0.777284,-0.381779,0,0,0,1
132776518066758743,588.123,588.377,-0.77868,0.0527362,-0.625202,0.570613,0.0096936,0.997354,0.0720538,0.115826,0.627348,0.0500466,-0.777131,-0.384226,0,0,0,1
132776518067091938,588.123,588.377,-0.784737,0.0305782,-0.619076,0.573276,-0.0102492,0.998006,0.0622862,0.118325,0.619746,0.0552234,-0.782859,-0.38608,0,0,0,1
132776518067425134,588.123,588.377,-0.799348,0.00625855,-0.600838,0.572916,-0.0238121,0.99883,0.0420829,0.120644,0.600399,0.0479463,-0.798264,-0.385444,0,0,0,1
132776518067758328,588.123,588.377,-0.818589,0.00696681,-0.574338,0.571248,-0.0186008,0.99908,0.0386295,0.120874,0.574079,0.0423051,-0.817708,-0.38411,0,0,0,1
132776518068091524,588.123,588.377,-0.839818,0.0218488,-0.54243,0.569558,0.00138494,0.999273,0.0381054,0.118933,0.542868,0.0312506,-0.839238,-0.382265,0,0,0,1
132776518068424719,588.123,588.377,-0.856509,0.0316385,-0.515164,0.568366,0.0144606,0.999198,0.0373224,0.116864,0.515932,0.0245176,-0.856281,-0.38059,0,0,0,1
132776518068757914,588.123,588.377,-0.866984,0.0381502,-0.496876,0.567611,0.0109335,0.998282,0.0575698,0.114122,0.498219,0.0444798,-0.865912,-0.380168,0,0,0,1
132776518069091109,588.123,588.377,-0.874798,0.0318374,-0.483442,0.567181,-0.00372543,0.997367,0.0724225,0.112364,0.484475,0.0651565,-0.872377,-0.380301,0,0,0,1
132776518069424304,588.123,588.377,-0.884997,0.0179549,-0.465253,0.566693,-0.0164166,0.997432,0.069719,0.111637,0.46531,0.0693393,-0.882429,-0.380618,0,0,0,1
132776518069757500,588.123,588.377,-0.893988,0.00369176,-0.448079,0.564753,-0.0343121,0.996466,0.076667,0.111418,0.446779,0.0839142,-0.890702,-0.381056,0,0,0,1
132776518070090695,588.123,588.377,-0.906639,-0.0178829,-0.42153,0.561333,-0.053568,0.995895,0.0729649,0.112575,0.418496,0.0887336,-0.903876,-0.381318,0,0,0,1
132776518070423890,588.123,588.377,-0.919993,-0.0320605,-0.390623,0.556461,-0.0625161,0.995892,0.0654983,0.113843,0.386919,0.0846785,-0.918219,-0.380907,0,0,0,1
132776518070757085,588.123,588.377,-0.935096,-0.035626,-0.352602,0.550186,-0.0594897,0.996596,0.0570709,0.114331,0.349368,0.0743433,-0.934033,-0.379692,0,0,0,1
132776518071090281,588.123,588.377,-0.950319,-0.030392,-0.309794,0.54282,-0.050028,0.997197,0.0556354,0.113437,0.307235,0.06837,-0.949176,-0.377881,0,0,0,1
132776518071423476,588.123,588.377,-0.964255,-0.0201176,-0.264216,0.535943,-0.0358003,0.997862,0.0546723,0.111359,0.262552,0.0621774,-0.962914,-0.375952,0,0,0,1
132776518071756671,588.123,588.377,-0.975634,-0.00797979,-0.219261,0.529592,-0.0209024,0.998173,0.0566782,0.108164,0.218408,0.0598806,-0.97402,-0.373909,0,0,0,1
132776518072089866,588.123,588.377,-0.985073,0.00153038,-0.172144,0.523194,-0.00994785,0.997784,0.0657937,0.103641,0.171863,0.066524,-0.982874,-0.371085,0,0,0,1
132776518072423061,588.123,588.377,-0.991889,0.0133983,-0.126416,0.517951,0.00427764,0.997386,0.0721439,0.0986722,0.127052,0.0710178,-0.989353,-0.368108,0,0,0,1
132776518072756256,588.123,588.377,-0.996741,0.0175798,-0.0787552,0.513472,0.0111337,0.996607,0.0815504,0.0929283,0.0799219,0.0804078,-0.993555,-0.365095,0,0,0,1
132776518073089451,588.123,588.377,-0.999141,0.0254251,-0.0328129,0.510458,0.0224377,0.995833,0.0883977,0.0871759,0.0349238,0.0875854,-0.995547,-0.362743,0,0,0,1
132776518073422646,588.123,588.377,-0.999343,0.0342506,0.0120608,0.508131,0.0352325,0.994968,0.0938045,0.0806936,-0.0087871,0.0941678,-0.99552,-0.360366,0,0,0,1
132776518073755841,588.123,588.377,-0.997425,0.0510785,0.0503873,0.506931,0.0561662,0.992848,0.105357,0.0738653,-0.0446452,0.107916,-0.993159,-0.358499,0,0,0,1
132776518074089037,588.123,588.377,-0.994157,0.0620409,0.0883572,0.505787,0.0719195,0.990943,0.113408,0.0670661,-0.0805208,0.1191,-0.989614,-0.356654,0,0,0,1
132776518074422232,588.123,588.377,-0.989772,0.0712576,0.123603,0.504636,0.0868337,0.988275,0.125593,0.0603232,-0.113205,0.135041,-0.984354,-0.355455,0,0,0,1
132776518074755427,588.123,588.377,-0.984345,0.0864567,0.153601,0.503755,0.106872,0.985732,0.130051,0.0541818,-0.140166,0.14443,-0.979539,-0.354695,0,0,0,1
132776518075088622,588.123,588.377,-0.979292,0.10541,0.172854,0.503926,0.13009,0.981812,0.138287,0.0485292,-0.155133,0.15791,-0.975194,-0.355897,0,0,0,1
132776518075421818,588.123,588.377,-0.976911,0.103386,0.186978,0.505148,0.1334,0.978739,0.155808,0.0438716,-0.166894,0.177154,-0.969932,-0.359103,0,0,0,1
132776518075755012,588.123,588.377,-0.974907,0.0862038,0.205257,0.506289,0.120603,0.979482,0.161466,0.0422487,-0.187126,0.182169,-0.965299,-0.362721,0,0,0,1
132776518076088208,588.123,588.377,-0.969345,0.0630609,0.237483,0.504904,0.103237,0.981584,0.16074,0.0415806,-0.222972,0.18033,-0.958003,-0.366066,0,0,0,1
132776518077087794,588.123,588.377,-0.923593,-0.00802487,0.383298,0.492591,0.0494539,0.988935,0.139869,0.0424383,-0.380179,0.148138,-0.912975,-0.376224,0,0,0,1
132776518077420988,588.123,588.377,-0.903084,-0.0216698,0.428921,0.490397,0.0297517,0.993171,0.112819,0.0443256,-0.428436,0.114646,-0.896272,-0.381432,0,0,0,1
132776518077754183,588.123,588.377,-0.884226,-0.0199719,0.466636,0.489598,0.0176417,0.996945,0.076099,0.0459601,-0.46673,0.0755211,-0.881172,-0.387104,0,0,0,1
132776518078087378,588.123,588.377,-0.868742,-0.00106247,0.495267,0.490339,0.0210162,0.999019,0.039008,0.0461549,-0.494822,0.0442968,-0.867867,-0.392832,0,0,0,1
132776518078420574,588.123,588.377,-0.854272,0.022096,0.51936,0.492551,0.0281254,0.999598,0.00373504,0.0452626,-0.519068,0.0177982,-0.85455,-0.399478,0,0,0,1
132776518078753769,588.123,588.377,-0.840378,0.0487629,0.539806,0.495823,0.0378705,0.998794,-0.031267,0.0439229,-0.540679,-0.00583293,-0.841211,-0.407103,0,0,0,1
132776518079086964,588.123,588.377,-0.821662,0.0704885,0.565602,0.498301,0.0450372,0.997251,-0.058856,0.0422598,-0.568196,-0.0228861,-0.822578,-0.414201,0,0,0,1
132776518079420159,588.301,588.552,-0.800837,0.0903556,0.59203,0.499233,0.0476604,0.995034,-0.0873915,0.0392887,-0.596986,-0.0417696,-0.801166,-0.421867,0,0,0,1
132776518079753354,588.835,589.078,-0.779127,0.1012,0.618646,0.499575,0.0387843,0.992775,-0.113555,0.0358732,-0.625667,-0.0644798,-0.777422,-0.429009,0,0,0,1
132776518080086549,589.546,589.78,-0.762263,0.100753,0.63938,0.500291,0.0290944,0.992146,-0.121655,0.0308101,-0.646615,-0.0741303,-0.759208,-0.434506,0,0,0,1
132776518080419745,590.08,590.306,-0.755331,0.0704728,0.651545,0.501187,0.00899418,0.995224,-0.0972185,0.0237441,-0.655283,-0.0675716,-0.752356,-0.437548,0,0,0,1
132776518080752939,590.613,590.833,-0.750644,0.0519079,0.658667,0.501839,-0.0028237,0.996649,-0.0817608,0.0160354,-0.660703,-0.0632326,-0.747981,-0.439019,0,0,0,1
132776518081086135,591.147,591.359,-0.749263,0.0317548,0.661512,0.50389,-0.0140212,0.997866,-0.0637813,0.00961872,-0.662126,-0.0570637,-0.747219,-0.439996,0,0,0,1
132776518081419330,591.502,591.71,-0.749192,0.0306916,0.661643,0.507123,-0.0117998,0.998149,-0.0596616,0.00592496,-0.662249,-0.0525047,-0.747443,-0.44215,0,0,0,1
132776518086084062,594.87,595.008,-0.709504,-0.0222132,0.704353,0.52406,-0.0403666,0.999144,-0.00915127,-0.03099,-0.703546,-0.0349248,-0.709792,-0.466597,0,0,0,1
132776518087083648,594.87,595.008,-0.718742,0.0289055,0.694677,0.529029,-0.00624903,0.998827,-0.0480261,-0.0303342,-0.69525,-0.0388591,-0.717719,-0.465824,0,0,0,1
132776518087416844,594.87,595.008,-0.718315,0.0427301,0.694406,0.52983,-0.00201686,0.997981,-0.0634963,-0.030135,-0.695716,-0.0470103,-0.716778,-0.466271,0,0,0,1
132776518087750038,594.309,594.459,-0.715763,0.0525737,0.696363,0.529886,-0.00485331,0.996765,-0.080241,-0.0298731,-0.698328,-0.0608126,-0.713192,-0.467331,0,0,0,1
132776518088749623,593.56,593.726,-0.712769,0.0739338,0.697493,0.531598,-0.0038117,0.994007,-0.109259,-0.0296414,-0.70139,-0.0805345,-0.708215,-0.468113,0,0,0,1
132776518089082819,593.56,593.726,-0.712859,0.0745232,0.697339,0.531457,-0.00343521,0.993957,-0.109733,-0.0294667,-0.701301,-0.0806192,-0.708294,-0.467956,0,0,0,1
132776518089416014,593.56,593.726,-0.713998,0.0709556,0.696545,0.530762,-0.00615133,0.994178,-0.10758,-0.0297021,-0.700122,-0.0810958,-0.709404,-0.467948,0,0,0,1
132776518089749209,593.56,593.726,-0.714651,0.0675142,0.696217,0.530152,-0.00874132,0.994392,-0.105401,-0.0296917,-0.699428,-0.0814106,-0.710053,-0.467945,0,0,0,1
132776518090082404,593.56,593.726,-0.714721,0.065532,0.696334,0.530059,-0.00964409,0.994584,-0.103499,-0.0297199,-0.699344,-0.0806876,-0.710218,-0.467544,0,0,0,1
132776518090415600,593.56,593.726,-0.714265,0.0650506,0.696848,0.530098,-0.00897327,0.994739,-0.102056,-0.0297367,-0.69982,-0.0791472,-0.709923,-0.467191,0,0,0,1
132776518090748794,593.56,593.726,-0.714417,0.0648287,0.696712,0.530253,-0.00890526,0.994777,-0.101694,-0.0296709,-0.699665,-0.0788561,-0.710107,-0.466877,0,0,0,1
132776518091081989,593.56,593.726,-0.714886,0.0648577,0.696228,0.530022,-0.00961232,0.994683,-0.10253,-0.0296064,-0.699177,-0.0799879,-0.710462,-0.467098,0,0,0,1
132776518091415185,593.56,593.726,-0.715095,0.0642237,0.69607,0.529854,-0.0102242,0.994703,-0.10228,-0.0297052,-0.698953,-0.0802564,-0.710651,-0.467263,0,0,0,1
132776518091748380,593.56,593.726,-0.715152,0.063604,0.696069,0.528982,-0.0105243,0.994758,-0.101709,-0.0295582,-0.698891,-0.0800625,-0.710734,-0.467544,0,0,0,1
132776518092747965,593.56,593.726,-0.715004,0.0640518,0.69618,0.527753,-0.0102564,0.994725,-0.102052,-0.0288232,-0.699046,-0.0801076,-0.710577,-0.467971,0,0,0,1
132776518093081160,593.56,593.726,-0.715098,0.0638547,0.696101,0.527499,-0.0106625,0.994706,-0.102199,-0.0289539,-0.698944,-0.0805039,-0.710633,-0.468076,0,0,0,1
132776518093414356,593.56,593.726,-0.715134,0.0636114,0.696086,0.527845,-0.0108216,0.994723,-0.102019,-0.0291388,-0.698904,-0.0804895,-0.710673,-0.467935,0,0,0,1
132776518093747551,593.56,593.726,-0.71506,0.0638032,0.696146,0.527917,-0.0106668,0.994714,-0.102124,-0.0291351,-0.698983,-0.0804495,-0.7106,-0.467914,0,0,0,1
132776518094080746,593.56,593.726,-0.715035,0.0639136,0.696161,0.527763,-0.0106069,0.994705,-0.102216,-0.0291308,-0.69901,-0.0804717,-0.710572,-0.468123,0,0,0,1
132776518094413941,593.56,593.726,-0.715034,0.0637149,0.69618,0.527591,-0.0107729,0.994715,-0.102101,-0.0290468,-0.699008,-0.0805048,-0.710569,-0.468286,0,0,0,1
132776518094747136,593.56,593.726,-0.715067,0.0635832,0.696159,0.527575,-0.010979,0.99471,-0.102128,-0.0290989,-0.698971,-0.0806708,-0.710586,-0.468305,0,0,0,1
132776518095080331,593.56,593.726,-0.715059,0.0635933,0.696165,0.527619,-0.0110006,0.994706,-0.102163,-0.0291329,-0.698978,-0.08071,-0.710575,-0.468471,0,0,0,1
132776518095413526,593.56,593.726,-0.715015,0.0636492,0.696206,0.527717,-0.0109069,0.99471,-0.10214,-0.0290682,-0.699025,-0.0806246,-0.710539,-0.468501,0,0,0,1
132776518095746722,593.56,593.726,-0.714988,0.0637108,0.696228,0.527877,-0.010897,0.994702,-0.102214,-0.0291735,-0.699053,-0.0806677,-0.710506,-0.4684,0,0,0,1
132776518096079916,593.56,593.726,-0.715004,0.0636518,0.696217,0.527966,-0.0109854,0.9947,-0.102222,-0.0292635,-0.699035,-0.0807367,-0.710516,-0.468437,0,0,0,1
132776518096413112,593.56,593.726,-0.714993,0.0636205,0.696231,0.528024,-0.0110063,0.994703,-0.102197,-0.029385,-0.699046,-0.0807323,-0.710506,-0.468482,0,0,0,1
132776518096746307,593.56,593.726,-0.714955,0.0637752,0.696255,0.528198,-0.0108862,0.994694,-0.102289,-0.0296222,-0.699086,-0.0807112,-0.710469,-0.468305,0,0,0,1
132776518097079502,593.56,593.726,-0.714917,0.0639183,0.696282,0.528414,-0.0107629,0.994688,-0.102362,-0.0297105,-0.699128,-0.0806739,-0.710432,-0.468148,0,0,0,1
132776518097412697,593.56,593.726,-0.714891,0.0640194,0.696299,0.528659,-0.010687,0.994683,-0.102425,-0.0297652,-0.699155,-0.0806635,-0.710406,-0.467939,0,0,0,1
132776518097745893,592.812,592.993,-0.714881,0.0640689,0.696305,0.528886,-0.0106618,0.994679,-0.102469,-0.0298037,-0.699166,-0.0806764,-0.710394,-0.467685,0,0,0,1
132776518098079088,592.251,592.443,-0.714873,0.0640536,0.696314,0.529087,-0.0107043,0.994676,-0.102489,-0.0298262,-0.699173,-0.0807194,-0.710382,-0.467524,0,0,0,1
132776518098745478,592.251,592.443,-0.714869,0.0640696,0.696317,0.529453,-0.01072,0.994672,-0.102527,-0.0297593,-0.699178,-0.0807571,-0.710374,-0.467289,0,0,0,1
132776518099078673,592.251,592.443,-0.714835,0.0642112,0.696339,0.529633,-0.0106059,0.994665,-0.102607,-0.0297529,-0.699214,-0.0807319,-0.710341,-0.467185,0,0,0,1
132776518100411453,592.251,592.443,-0.714796,0.064098,0.696391,0.529943,-0.0107636,0.994665,-0.1026,-0.0294889,-0.699252,-0.0808332,-0.710292,-0.467023,0,0,0,1
132776518100744649,592.251,592.443,-0.714774,0.0641731,0.696406,0.529895,-0.0107034,0.994661,-0.102642,-0.0294412,-0.699275,-0.0808194,-0.710271,-0.466802,0,0,0,1
132776518101077844,592.251,592.443,-0.71478,0.0641052,0.696407,0.52978,-0.0107659,0.994664,-0.10261,-0.0294097,-0.699269,-0.0808403,-0.710275,-0.46658,0,0,0,1
132776518101744234,591.877,592.076,-0.714721,0.0640292,0.696474,0.529443,-0.0109141,0.994659,-0.102642,-0.0292946,-0.699326,-0.0809612,-0.710205,-0.466225,0,0,0,1
132776518102077429,591.324,591.534,-0.714663,0.0640419,0.696533,0.52935,-0.0108856,0.994662,-0.102621,-0.0292468,-0.699386,-0.0809215,-0.71015,-0.466081,0,0,0,1
132776518102410624,591.324,591.534,-0.714648,0.0640103,0.696551,0.5293,-0.0109393,0.99466,-0.102628,-0.0292102,-0.699401,-0.0809625,-0.710131,-0.465989,0,0,0,1
132776518102743820,591.324,591.534,-0.714662,0.0639192,0.696545,0.529235,-0.0110624,0.994659,-0.102626,-0.0291769,-0.699385,-0.0810477,-0.710137,-0.465961,0,0,0,1
132776518103077015,591.324,591.534,-0.714625,0.0638851,0.696586,0.529177,-0.0111038,0.99466,-0.102613,-0.0291713,-0.699422,-0.0810641,-0.710099,-0.465908,0,0,0,1
132776518103410210,591.324,591.534,-0.71457,0.0639039,0.696641,0.529098,-0.0110805,0.994661,-0.102607,-0.0291878,-0.699478,-0.0810384,-0.710046,-0.465898,0,0,0,1
132776518103743405,591.324,591.534,-0.714553,0.0638931,0.696659,0.529046,-0.0110958,0.994661,-0.102604,-0.0291784,-0.699495,-0.0810457,-0.710028,-0.465847,0,0,0,1
132776518104076600,591.324,591.534,-0.714537,0.0638274,0.696681,0.52899,-0.0111755,0.994662,-0.102589,-0.0291773,-0.69951,-0.0810887,-0.710009,-0.465863,0,0,0,1
132776518104409795,591.324,591.534,-0.714529,0.0638005,0.696693,0.528892,-0.0112268,0.99466,-0.102601,-0.0291773,-0.699518,-0.0811328,-0.709996,-0.465855,0,0,0,1
132776518104742991,591.324,591.534,-0.714479,0.0638239,0.696741,0.528873,-0.0112027,0.99466,-0.102602,-0.0291882,-0.699569,-0.0811116,-0.709948,-0.465822,0,0,0,1
132776518105076186,591.324,591.534,-0.714436,0.0638386,0.696784,0.528827,-0.011191,0.99466,-0.102603,-0.0291974,-0.699613,-0.0811009,-0.709906,-0.465833,0,0,0,1
132776518105409381,591.324,591.534,-0.714401,0.0637915,0.696824,0.528756,-0.0112465,0.994661,-0.102587,-0.0292033,-0.699647,-0.0811248,-0.709869,-0.465845,0,0,0,1
132776518105742576,591.324,591.534,-0.714383,0.0637391,0.696847,0.528698,-0.0113144,0.994661,-0.102578,-0.0291938,-0.699665,-0.081164,-0.709847,-0.465836,0,0,0,1
132776518106075771,591.324,591.534,-0.714348,0.0637321,0.696884,0.528698,-0.0113143,0.994663,-0.102562,-0.0292059,-0.699701,-0.0811495,-0.709814,-0.465829,0,0,0,1
132776518106408966,591.324,591.534,-0.714329,0.0637491,0.696902,0.528654,-0.0112869,0.994663,-0.102555,-0.0291849,-0.69972,-0.0811239,-0.709797,-0.46584,0,0,0,1
132776518106742161,591.324,591.534,-0.714329,0.0637312,0.696904,0.528617,-0.0113108,0.994664,-0.102554,-0.029176,-0.699721,-0.0811395,-0.709795,-0.465883,0,0,0,1
132776518107075357,591.324,591.534,-0.714316,0.0636878,0.696922,0.528594,-0.0113432,0.994667,-0.102523,-0.029176,-0.699734,-0.0811385,-0.709783,-0.465891,0,0,0,1
132776518107408551,591.324,591.534,-0.714326,0.0636559,0.696914,0.528578,-0.0113773,0.994667,-0.102514,-0.0291485,-0.699723,-0.0811569,-0.709792,-0.465939,0,0,0,1
132776518107741747,591.324,591.534,-0.714313,0.0636533,0.696927,0.528602,-0.0113725,0.994668,-0.102503,-0.0291365,-0.699736,-0.0811447,-0.70978,-0.465965,0,0,0,1
132776518108074942,591.324,591.534,-0.714314,0.063676,0.696924,0.528591,-0.0113488,0.994668,-0.102511,-0.0291218,-0.699735,-0.0811342,-0.709782,-0.466009,0,0,0,1
132776518108408137,591.324,591.534,-0.714322,0.0636809,0.696916,0.528541,-0.011357,0.994666,-0.102528,-0.029099,-0.699727,-0.0811526,-0.709787,-0.466045,0,0,0,1
132776518108741332,591.324,591.534,-0.714309,0.0636691,0.69693,0.528543,-0.0113474,0.994669,-0.102499,-0.0290871,-0.69974,-0.081124,-0.709778,-0.466066,0,0,0,1
132776518109074527,591.324,591.534,-0.714304,0.0636375,0.696938,0.5285,-0.0113725,0.994671,-0.102479,-0.029073,-0.699744,-0.0811268,-0.709773,-0.466099,0,0,0,1
132776518109407723,591.324,591.534,-0.714315,0.0635994,0.696931,0.528442,-0.0114057,0.994672,-0.10246,-0.0290323,-0.699734,-0.0811371,-0.709783,-0.466117,0,0,0,1
132776518109740918,591.324,591.534,-0.71432,0.0636023,0.696925,0.528426,-0.0114017,0.994672,-0.102461,-0.0290187,-0.699729,-0.0811357,-0.709789,-0.466159,0,0,0,1
132776518110074113,591.324,591.534,-0.714298,0.0636213,0.696945,0.528429,-0.0113772,0.994673,-0.10246,-0.0290117,-0.699751,-0.0811155,-0.709768,-0.466182,0,0,0,1
132776518110407308,591.324,591.534,-0.714288,0.0636313,0.696955,0.528336,-0.011361,0.994673,-0.102455,-0.0290104,-0.699762,-0.0811003,-0.709759,-0.466206,0,0,0,1
132776518110740503,591.324,591.534,-0.714283,0.0635996,0.696962,0.52832,-0.0113932,0.994674,-0.102442,-0.029002,-0.699766,-0.0811131,-0.709754,-0.466228,0,0,0,1
132776518111073698,591.324,591.534,-0.714281,0.0635549,0.696969,0.528262,-0.0114301,0.994676,-0.102416,-0.0289956,-0.699767,-0.0811195,-0.709752,-0.466233,0,0,0,1
132776518111406893,591.324,591.534,-0.714273,0.0635367,0.696978,0.528205,-0.0114457,0.994677,-0.102404,-0.0289899,-0.699775,-0.0811215,-0.709743,-0.466241,0,0,0,1
132776518111740088,591.324,591.534,-0.714254,0.0635343,0.696999,0.528172,-0.0114461,0.994678,-0.102398,-0.0289649,-0.699795,-0.0811155,-0.709725,-0.466273,0,0,0,1
132776518112073283,591.324,591.534,-0.714248,0.0635493,0.697003,0.528162,-0.0114421,0.994676,-0.102414,-0.028974,-0.6998,-0.0811241,-0.709718,-0.466296,0,0,0,1
132776518113072869,590.613,590.833,-0.714236,0.0635358,0.697017,0.528054,-0.0114405,0.994679,-0.102391,-0.0289602,-0.699813,-0.0811053,-0.709708,-0.466343,0,0,0,1
132776518114738844,588.123,588.377,-0.714203,0.0635131,0.697052,0.527902,-0.0114501,0.994682,-0.102363,-0.028914,-0.699847,-0.081089,-0.709677,-0.466345,0,0,0,1
132776518115072039,588.123,588.377,-0.714215,0.0634565,0.697045,0.527867,-0.0115163,0.994682,-0.102352,-0.0289032,-0.699833,-0.0811282,-0.709686,-0.466349,0,0,0,1
132776518115405235,588.123,588.377,-0.714192,0.0634655,0.697069,0.527872,-0.0115133,0.994682,-0.102358,-0.0288901,-0.699858,-0.0811281,-0.709662,-0.466369,0,0,0,1
132776518115738429,588.123,588.377,-0.714163,0.0635533,0.697089,0.527868,-0.0114339,0.994678,-0.102398,-0.0288786,-0.699887,-0.0810987,-0.709635,-0.466359,0,0,0,1
132776518116071625,588.123,588.377,-0.714163,0.0635615,0.697089,0.527812,-0.0114234,0.994678,-0.102399,-0.028878,-0.699888,-0.0810919,-0.709636,-0.466371,0,0,0,1
132776518116404820,588.479,588.727,-0.714171,0.0635151,0.697086,0.527803,-0.0114796,0.994679,-0.102391,-0.0288553,-0.699879,-0.0811262,-0.709641,-0.466341,0,0,0,1
132776518116738015,589.013,589.254,-0.714183,0.0634968,0.697075,0.527774,-0.0115072,0.994678,-0.102395,-0.02884,-0.699867,-0.0811496,-0.709651,-0.466351,0,0,0,1
132776518117071210,589.013,589.254,-0.714173,0.063527,0.697082,0.527747,-0.0114682,0.994678,-0.102397,-0.0288311,-0.699876,-0.0811228,-0.709643,-0.466333,0,0,0,1
132776518117404406,589.013,589.254,-0.714168,0.063554,0.697085,0.527733,-0.0114591,0.994675,-0.102425,-0.0288388,-0.699883,-0.0811364,-0.709636,-0.466333,0,0,0,1
132776518117737600,589.013,589.254,-0.71417,0.06356,0.697082,0.527683,-0.0114613,0.994674,-0.102436,-0.0288458,-0.69988,-0.0811458,-0.709638,-0.466328,0,0,0,1
132776518118070796,589.013,589.254,-0.714171,0.0635692,0.69708,0.527669,-0.0114678,0.994672,-0.102456,-0.0288634,-0.699879,-0.0811646,-0.709636,-0.466327,0,0,0,1
132776518118403991,589.013,589.254,-0.714163,0.0635547,0.697091,0.527661,-0.0114738,0.994673,-0.10244,-0.028869,-0.699888,-0.0811566,-0.709629,-0.466332,0,0,0,1
132776518118737186,589.013,589.254,-0.714152,0.063565,0.6971,0.527691,-0.0114677,0.994673,-0.102447,-0.0288683,-0.699898,-0.0811564,-0.709618,-0.466309,0,0,0,1
132776518119070381,589.013,589.254,-0.714158,0.0635512,0.697096,0.527677,-0.011486,0.994673,-0.102447,-0.0288669,-0.699893,-0.0811694,-0.709622,-0.466314,0,0,0,1
132776518119403576,589.013,589.254,-0.714153,0.063543,0.697102,0.527652,-0.0114937,0.994673,-0.102442,-0.0288873,-0.699897,-0.0811711,-0.709618,-0.466325,0,0,0,1
132776518119736771,589.013,589.254,-0.71415,0.0635739,0.697101,0.527663,-0.0114762,0.99467,-0.102468,-0.0288864,-0.6999,-0.0811771,-0.709614,-0.466305,0,0,0,1
132776518120069966,589.013,589.254,-0.714136,0.0635743,0.697116,0.527647,-0.0114669,0.994672,-0.102456,-0.028878,-0.699915,-0.0811611,-0.709601,-0.466293,0,0,0,1
132776518120403161,589.013,589.254,-0.714141,0.0635425,0.697114,0.527611,-0.0115109,0.994672,-0.102457,-0.0288862,-0.69991,-0.0811924,-0.709603,-0.466314,0,0,0,1
132776518120736357,589.013,589.254,-0.714142,0.063508,0.697115,0.527597,-0.0115476,0.994672,-0.102445,-0.0288985,-0.699907,-0.0812099,-0.709604,-0.466273,0,0,0,1
132776518121069552,589.013,589.254,-0.714126,0.0634993,0.697133,0.527561,-0.0115466,0.994674,-0.102429,-0.0289127,-0.699923,-0.0811962,-0.709589,-0.466307,0,0,0,1
132776518121402747,589.013,589.254,-0.714108,0.0635358,0.697148,0.52759,-0.0115113,0.994673,-0.102442,-0.0289167,-0.699943,-0.0811792,-0.709572,-0.466315,0,0,0,1
132776518121735942,589.013,589.254,-0.714092,0.0635288,0.697165,0.52758,-0.011519,0.994673,-0.102437,-0.028913,-0.699959,-0.0811799,-0.709556,-0.466288,0,0,0,1
132776518122069137,589.013,589.254,-0.714094,0.0634996,0.697166,0.527543,-0.0115617,0.994672,-0.102439,-0.0289298,-0.699956,-0.0812111,-0.709555,-0.4663,0,0,0,1
132776518122402333,589.013,589.254,-0.71409,0.0635072,0.697169,0.527576,-0.0115784,0.99467,-0.102466,-0.0289536,-0.699959,-0.0812421,-0.709548,-0.466302,0,0,0,1
132776518122735527,589.013,589.254,-0.714078,0.0635043,0.697182,0.52754,-0.0115702,0.994671,-0.102452,-0.0289582,-0.699972,-0.0812247,-0.709538,-0.466276,0,0,0,1
132776518123068722,589.013,589.254,-0.714073,0.0635007,0.697187,0.527504,-0.0115625,0.994673,-0.102438,-0.0289568,-0.699978,-0.081209,-0.709534,-0.466252,0,0,0,1
132776518123401918,589.013,589.254,-0.714078,0.0634945,0.697182,0.527535,-0.0115755,0.994672,-0.102443,-0.0289556,-0.699972,-0.0812223,-0.709538,-0.466253,0,0,0,1
132776518123735113,589.013,589.254,-0.714079,0.0635035,0.697181,0.527538,-0.0115742,0.994671,-0.102455,-0.0289536,-0.699971,-0.0812298,-0.709538,-0.466232,0,0,0,1
132776518124068308,589.013,589.254,-0.714071,0.0635343,0.697186,0.527539,-0.0115465,0.99467,-0.102469,-0.028952,-0.69998,-0.08122,-0.70953,-0.466204,0,0,0,1
132776518124401503,589.013,589.254,-0.714073,0.0635523,0.697183,0.527546,-0.011531,0.994669,-0.10248,-0.0289771,-0.699978,-0.0812168,-0.709532,-0.466213,0,0,0,1
132776518124734698,589.013,589.254,-0.714073,0.0635426,0.697183,0.527572,-0.0115324,0.99467,-0.102467,-0.0289792,-0.699978,-0.0812088,-0.709534,-0.466183,0,0,0,1
132776518125067893,589.013,589.254,-0.714074,0.0635531,0.697182,0.527534,-0.0115299,0.994669,-0.10248,-0.0289821,-0.699978,-0.0812163,-0.709533,-0.466177,0,0,0,1
132776518125401088,589.013,589.254,-0.714057,0.0635829,0.697196,0.527547,-0.0114967,0.994668,-0.102486,-0.0289664,-0.699995,-0.0811959,-0.709518,-0.466155,0,0,0,1
132776518125734284,589.013,589.254,-0.714053,0.0635844,0.697201,0.527529,-0.0115013,0.994668,-0.102492,-0.028978,-0.7,-0.0812031,-0.709513,-0.466174,0,0,0,1
132776518126067478,589.013,589.254,-0.714053,0.0635957,0.697199,0.527531,-0.011502,0.994666,-0.102509,-0.0289636,-0.699999,-0.0812157,-0.709512,-0.466158,0,0,0,1
132776518126400674,589.013,589.254,-0.714056,0.0636088,0.697195,0.527496,-0.0114928,0.994665,-0.102519,-0.0289718,-0.699997,-0.0812164,-0.709514,-0.466134,0,0,0,1
132776518126733869,589.013,589.254,-0.714046,0.0635858,0.697207,0.527497,-0.0115121,0.994667,-0.102504,-0.0289941,-0.700006,-0.0812184,-0.709504,-0.466136,0,0,0,1
132776518127067064,589.013,589.254,-0.714046,0.0636183,0.697204,0.527479,-0.011489,0.994665,-0.102527,-0.0290034,-0.700007,-0.0812186,-0.709504,-0.466144,0,0,0,1
132776518129066235,589.013,589.254,-0.714032,0.0635998,0.69722,0.527454,-0.0115368,0.994662,-0.102547,-0.0289952,-0.70002,-0.0812647,-0.709486,-0.466128,0,0,0,1
132776518129399431,589.013,589.254,-0.71402,0.0636031,0.697232,0.527426,-0.0115241,0.994663,-0.102536,-0.0289951,-0.700033,-0.0812476,-0.709476,-0.466119,0,0,0,1
132776518129732625,589.013,589.254,-0.714011,0.0636034,0.697242,0.527412,-0.0115355,0.994662,-0.102547,-0.0289967,-0.700042,-0.0812621,-0.709465,-0.466115,0,0,0,1
132776518130065820,589.013,589.254,-0.71497,0.0627021,0.696339,0.522172,-0.0117639,0.994751,-0.101651,-0.0296818,-0.699058,-0.080869,-0.710479,-0.467284,0,0,0,1
132776518130399015,589.013,589.254,-0.714952,0.0627039,0.696356,0.52223,-0.0117778,0.994749,-0.101665,-0.029666,-0.699075,-0.0808865,-0.710459,-0.467247,0,0,0,1
132776518130732210,589.013,589.254,-0.714832,0.0627532,0.696474,0.522898,-0.0117514,0.994747,-0.101688,-0.0293452,-0.699197,-0.0808742,-0.71034,-0.467277,0,0,0,1
132776518131065406,589.013,589.254,-0.714739,0.0628132,0.696565,0.523383,-0.0117136,0.994744,-0.101721,-0.0291333,-0.699294,-0.0808625,-0.710247,-0.467342,0,0,0,1
132776518131398600,589.013,589.254,-0.714375,0.062928,0.696928,0.525459,-0.0116983,0.994735,-0.101809,-0.028317,-0.699666,-0.0808821,-0.709878,-0.467072,0,0,0,1
132776518131731796,589.013,589.254,-0.713944,0.0630669,0.697356,0.527963,-0.0116878,0.994723,-0.101925,-0.0273659,-0.700106,-0.080919,-0.70944,-0.466707,0,0,0,1
132776518132064990,589.013,589.254,-0.713921,0.0630781,0.697379,0.528071,-0.0116729,0.994724,-0.101922,-0.0272423,-0.700129,-0.0809045,-0.709419,-0.466833,0,0,0,1
132776518132398186,589.013,589.254,-0.713902,0.0630744,0.697398,0.528138,-0.0116628,0.994726,-0.101904,-0.0271873,-0.700148,-0.0808825,-0.709402,-0.466897,0,0,0,1
132776518132731382,589.013,589.254,-0.713894,0.0630896,0.697406,0.528192,-0.0116601,0.994724,-0.101921,-0.0271569,-0.700158,-0.0808923,-0.709392,-0.466938,0,0,0,1
132776518133064576,589.013,589.254,-0.713886,0.0630967,0.697414,0.528319,-0.0116508,0.994724,-0.101921,-0.0270723,-0.700166,-0.0808847,-0.709385,-0.467017,0,0,0,1
132776518133397771,589.013,589.254,-0.713879,0.0631008,0.69742,0.528393,-0.0116268,0.994726,-0.101901,-0.0270217,-0.700173,-0.0808536,-0.709381,-0.467057,0,0,0,1
132776518133730966,589.013,589.254,-0.713871,0.0631162,0.697426,0.528447,-0.011621,0.994725,-0.101916,-0.0269552,-0.700181,-0.0808593,-0.709373,-0.467092,0,0,0,1
132776518134064161,589.013,589.254,-0.71386,0.063105,0.697439,0.528544,-0.0116204,0.994727,-0.101897,-0.0269299,-0.700192,-0.0808447,-0.709363,-0.467142,0,0,0,1
132776518134397357,589.013,589.254,-0.713867,0.0630991,0.697432,0.528587,-0.0116182,0.994728,-0.101888,-0.0268675,-0.700185,-0.0808372,-0.709371,-0.467192,0,0,0,1
132776518134730551,589.013,589.254,-0.713859,0.0631366,0.697437,0.528663,-0.0115947,0.994725,-0.101916,-0.0268349,-0.700194,-0.08084,-0.709362,-0.467235,0,0,0,1
132776518135063747,589.013,589.254,-0.713839,0.0631555,0.697456,0.528691,-0.0115721,0.994726,-0.101917,-0.026809,-0.700215,-0.080823,-0.709343,-0.46725,0,0,0,1
132776518135396942,589.013,589.254,-0.713844,0.0631581,0.697451,0.52871,-0.0115598,0.994727,-0.101909,-0.0267702,-0.70021,-0.0808092,-0.709349,-0.467262,0,0,0,1
132776518135730137,589.013,589.254,-0.713838,0.0631521,0.697457,0.528715,-0.0115602,0.994727,-0.1019,-0.0267653,-0.700216,-0.0808025,-0.709345,-0.467302,0,0,0,1
132776518136063332,589.013,589.254,-0.713835,0.0631488,0.697461,0.528734,-0.0115621,0.994728,-0.101897,-0.0267434,-0.70022,-0.080801,-0.709341,-0.467335,0,0,0,1
132776518136396527,589.013,589.254,-0.713833,0.0631795,0.69746,0.528797,-0.0115393,0.994726,-0.101917,-0.0267181,-0.700221,-0.0807997,-0.70934,-0.467365,0,0,0,1
132776518136729722,589.013,589.254,-0.713823,0.063184,0.697471,0.528787,-0.0115258,0.994727,-0.101908,-0.0266915,-0.700232,-0.0807827,-0.709331,-0.467396,0,0,0,1
132776518137062918,589.013,589.254,-0.713817,0.0631824,0.697476,0.528782,-0.0115266,0.994727,-0.101906,-0.0266723,-0.700238,-0.0807812,-0.709325,-0.46738,0,0,0,1
132776518137396112,589.013,589.254,-0.713808,0.0631677,0.697487,0.528808,-0.0115331,0.994729,-0.10189,-0.0266667,-0.700247,-0.0807739,-0.709318,-0.467417,0,0,0,1
132776518137729308,589.546,589.78,-0.713803,0.0631696,0.697491,0.528858,-0.0115214,0.99473,-0.10188,-0.0266375,-0.700252,-0.0807578,-0.709314,-0.467408,0,0,0,1
132776518138062502,590.08,590.306,-0.713793,0.0631863,0.6975,0.528892,-0.0115036,0.99473,-0.101884,-0.0266349,-0.700262,-0.0807476,-0.709305,-0.467416,0,0,0,1
132776518138395698,590.08,590.306,-0.713792,0.0632043,0.6975,0.528961,-0.0114905,0.994729,-0.101896,-0.0266398,-0.700264,-0.0807471,-0.709303,-0.467431,0,0,0,1
132776518138728893,590.08,590.306,-0.713795,0.0632059,0.697496,0.529,-0.0114879,0.994729,-0.101897,-0.026657,-0.70026,-0.0807457,-0.709307,-0.467422,0,0,0,1
132776518139062088,590.08,590.306,-0.713807,0.0632118,0.697484,0.529016,-0.0114782,0.994729,-0.101897,-0.0266698,-0.700249,-0.0807401,-0.709319,-0.467416,0,0,0,1
132776518139395283,590.08,590.306,-0.713785,0.0632152,0.697506,0.529123,-0.0114706,0.99473,-0.101891,-0.0266695,-0.700271,-0.0807284,-0.709298,-0.467379,0,0,0,1
132776518140061673,590.08,590.306,-0.713768,0.0632091,0.697524,0.52922,-0.0114724,0.994731,-0.101881,-0.0267179,-0.700289,-0.0807211,-0.709282,-0.467373,0,0,0,1
132776518140394869,590.08,590.306,-0.713778,0.0631988,0.697515,0.529249,-0.0114778,0.994731,-0.101873,-0.0267595,-0.700279,-0.0807202,-0.709292,-0.467404,0,0,0,1
132776518140728063,590.08,590.306,-0.713766,0.0631768,0.697528,0.529322,-0.0114791,0.994734,-0.101841,-0.0267732,-0.70029,-0.0806974,-0.709283,-0.467417,0,0,0,1
132776518141394454,590.08,590.306,-0.713752,0.0631568,0.697546,0.529422,-0.0115092,0.994734,-0.101841,-0.0268307,-0.700305,-0.0807168,-0.709266,-0.467423,0,0,0,1
132776518141727649,590.08,590.306,-0.71375,0.0631351,0.69755,0.529465,-0.0115285,0.994735,-0.101829,-0.026861,-0.700307,-0.0807219,-0.709264,-0.467429,0,0,0,1
132776518142060844,590.08,590.306,-0.713743,0.0631331,0.697556,0.529477,-0.0115156,0.994737,-0.101812,-0.0268535,-0.700313,-0.0807002,-0.70926,-0.467402,0,0,0,1
132776518142394039,590.08,590.306,-0.713735,0.0631289,0.697565,0.529584,-0.0115335,0.994736,-0.101823,-0.0269254,-0.700321,-0.0807194,-0.70925,-0.467437,0,0,0,1
132776518142727234,590.08,590.306,-0.713729,0.0631204,0.697572,0.529629,-0.0115494,0.994735,-0.101826,-0.0269541,-0.700328,-0.0807323,-0.709242,-0.46743,0,0,0,1
132776518143060429,590.08,590.306,-0.713721,0.0631068,0.697582,0.529677,-0.0115498,0.994737,-0.101805,-0.0269795,-0.700336,-0.0807171,-0.709236,-0.467421,0,0,0,1
132776518143393624,590.08,590.306,-0.71371,0.0631161,0.697592,0.529731,-0.0115486,0.994736,-0.101816,-0.0269928,-0.700346,-0.0807228,-0.709224,-0.467392,0,0,0,1
132776518143726820,590.613,590.833,-0.71371,0.0631247,0.697592,0.529807,-0.0115519,0.994734,-0.101831,-0.0270208,-0.700347,-0.0807361,-0.709222,-0.467396,0,0,0,1
132776518144060015,591.324,591.534,-0.713715,0.0630951,0.697588,0.5298,-0.0115832,0.994735,-0.101822,-0.0270085,-0.700341,-0.0807518,-0.709227,-0.467288,0,0,0,1
132776518144393210,591.324,591.534,-0.713668,0.0632442,0.697623,0.529857,-0.0114231,0.994733,-0.101865,-0.0270323,-0.700391,-0.080666,-0.709187,-0.46733,0,0,0,1
132776518144726405,591.324,591.534,-0.713664,0.0630748,0.697642,0.529852,-0.0116748,0.994729,-0.101877,-0.0270629,-0.700391,-0.0808504,-0.709166,-0.467349,0,0,0,1
132776518145059600,591.324,591.534,-0.71373,0.0625428,0.697623,0.529691,-0.0122201,0.994742,-0.101682,-0.0271034,-0.700315,-0.0810979,-0.709214,-0.467432,0,0,0,1
132776518145392795,591.324,591.534,-0.713745,0.0623793,0.697623,0.529699,-0.0123968,0.994745,-0.10163,-0.0271148,-0.700297,-0.0811858,-0.709221,-0.467451,0,0,0,1
132776518145725990,591.324,591.534,-0.713715,0.0630444,0.697593,0.529884,-0.0117454,0.994724,-0.101914,-0.0271176,-0.700338,-0.0809306,-0.709209,-0.467382,0,0,0,1
132776518146059185,591.324,591.534,-0.712349,0.0653143,0.698779,0.530406,-0.00834376,0.994802,-0.101489,-0.0270448,-0.701776,-0.0781256,-0.708102,-0.467011,0,0,0,1
132776518146392381,591.324,591.534,-0.710941,0.0678612,0.699969,0.530906,-0.00425287,0.9949,-0.100773,-0.0270538,-0.703239,-0.0746205,-0.707027,-0.466552,0,0,0,1
132776518146725575,591.324,591.534,-0.710527,0.0674219,0.700432,0.530978,-0.000331312,0.995367,-0.0961474,-0.0270764,-0.70367,-0.068547,-0.707214,-0.46598,0,0,0,1
132776518147058771,591.324,591.534,-0.714383,0.0664309,0.696594,0.530731,0.00756019,0.996158,-0.0872452,-0.0270156,-0.699714,-0.0570596,-0.712141,-0.464985,0,0,0,1
132776518147391966,591.324,591.534,-0.721628,0.0676568,0.688967,0.530852,0.0218898,0.996945,-0.0749726,-0.0268585,-0.691936,-0.0390205,-0.720905,-0.463278,0,0,0,1
132776518147725161,591.324,591.534,-0.730936,0.0540417,0.680303,0.531262,0.0235116,0.998262,-0.0540375,-0.0269229,-0.682041,-0.0235025,-0.730937,-0.46136,0,0,0,1
132776518148058357,591.324,591.534,-0.73938,0.0346557,0.672396,0.53074,0.0201929,0.999367,-0.0293032,-0.0273654,-0.672986,-0.00808811,-0.739612,-0.459677,0,0,0,1
132776518148391551,591.324,591.534,-0.744581,0.0132208,0.667401,0.529467,0.0167463,0.999859,-0.00112315,-0.0281697,-0.667323,0.0103405,-0.744698,-0.457984,0,0,0,1
132776518148724746,591.324,591.534,-0.750422,-0.0117884,0.660854,0.52799,0.012752,0.999396,0.0323082,-0.0291577,-0.660837,0.0326725,-0.749819,-0.456029,0,0,0,1
132776518149057941,591.324,591.534,-0.755915,-0.0354581,0.653708,0.526358,0.0138187,0.997445,0.0700826,-0.0300098,-0.654524,0.0620103,-0.753495,-0.453911,0,0,0,1
132776518149391136,591.324,591.534,-0.766138,-0.0463359,0.641003,0.524089,0.0209833,0.995062,0.0970095,-0.02975,-0.642334,0.0877734,-0.761383,-0.451047,0,0,0,1
132776518149724332,591.324,591.534,-0.781438,-0.0384231,0.622798,0.520511,0.0242249,0.995481,0.0918117,-0.0267522,-0.623513,0.086833,-0.776977,-0.446609,0,0,0,1
132776518150057527,591.324,591.534,-0.795886,-0.0393846,0.604163,0.516476,0.0111663,0.996757,0.0796878,-0.0223016,-0.605343,0.0701691,-0.792866,-0.441956,0,0,0,1
132776518150390722,591.324,591.534,-0.804901,-0.0504451,0.591261,0.513484,-0.000442564,0.996431,0.0844118,-0.017676,-0.593409,0.0676819,-0.802051,-0.437379,0,0,0,1
132776518150723917,591.324,591.534,-0.81432,-0.036322,0.579279,0.511619,0.0133895,0.996599,0.0813118,-0.0127261,-0.580263,0.0739704,-0.811064,-0.433211,0,0,0,1
132776518151057112,591.324,591.534,-0.821238,-0.0328301,0.56964,0.508805,0.0234765,0.995554,0.0912232,-0.0091131,-0.570102,0.0882895,-0.816816,-0.429552,0,0,0,1
132776518151390307,591.324,591.534,-0.827141,-0.0445755,0.560224,0.505056,0.0228876,0.99335,0.112831,-0.00747289,-0.561529,0.10615,-0.820621,-0.424787,0,0,0,1
132776518151723502,591.877,592.076,-0.83582,-0.0627302,0.545409,0.501691,0.02362,0.988422,0.149881,-0.00732508,-0.548497,0.138156,-0.824661,-0.419796,0,0,0,1
132776518152056697,592.251,592.443,-0.846567,-0.0790336,0.526381,0.498545,0.0240098,0.982239,0.186094,-0.00773692,-0.531739,0.17018,-0.829634,-0.414239,0,0,0,1
132776518152389893,592.251,592.443,-0.85675,-0.0884536,0.508089,0.495109,0.0265425,0.976314,0.214724,-0.00744715,-0.515049,0.197451,-0.834109,-0.408646,0,0,0,1
132776518152723088,592.251,592.443,-0.866865,-0.0900577,0.490341,0.491293,0.0319212,0.971504,0.234863,-0.00670514,-0.49752,0.219247,-0.839288,-0.403307,0,0,0,1
132776518153389478,592.251,592.443,-0.88399,-0.0676472,0.462585,0.482427,0.0531373,0.968524,0.243179,-0.00396215,-0.464476,0.239549,-0.852572,-0.392996,0,0,0,1
132776518153722673,592.251,592.443,-0.892381,-0.0548551,0.447935,0.47813,0.061338,0.96863,0.240819,-0.00279381,-0.447094,0.242379,-0.861023,-0.388403,0,0,0,1
132776518154055868,592.251,592.443,-0.898143,-0.0563763,0.436072,0.473685,0.0579225,0.967933,0.244436,-0.00187622,-0.43587,0.244797,-0.866079,-0.384321,0,0,0,1
132776518154389063,592.251,592.443,-0.902164,-0.0682077,0.425966,0.468938,0.0459604,0.966604,0.252119,-0.00148765,-0.428938,0.247031,-0.868901,-0.381262,0,0,0,1
132776518154722259,592.251,592.443,-0.906319,-0.0865175,0.413641,0.46437,0.0272656,0.964807,0.261542,-0.000909731,-0.421712,0.248319,-0.872065,-0.378784,0,0,0,1
132776518155055453,592.251,592.443,-0.912285,-0.114037,0.393366,0.461109,-0.000280187,0.96063,0.277839,-0.000462361,-0.409561,0.253357,-0.876398,-0.376717,0,0,0,1
132776518155388649,592.251,592.443,-0.916144,-0.138608,0.376129,0.457833,-0.0294252,0.959039,0.281748,0.00102317,-0.399772,0.247054,-0.882695,-0.374532,0,0,0,1
132776518155721844,592.251,592.443,-0.917038,-0.165941,0.362644,0.454108,-0.0589044,0.955708,0.288367,0.00247768,-0.394431,0.243082,-0.886194,-0.372525,0,0,0,1
132776518156055039,592.251,592.443,-0.917452,-0.184204,0.352643,0.450336,-0.0803651,0.953895,0.289189,0.00414861,-0.389652,0.236977,-0.889953,-0.370197,0,0,0,1
132776518156388234,592.251,592.443,-0.920366,-0.19192,0.340733,0.447352,-0.0929169,0.953663,0.286176,0.00581298,-0.379865,0.231726,-0.89555,-0.367178,0,0,0,1
132776518158720600,593.747,593.909,-0.989899,-0.0929527,0.107075,0.448278,-0.0519769,0.940462,0.335907,-0.00142093,-0.131922,0.326948,-0.935792,-0.350865,0,0,0,1
132776518159053795,593.747,593.909,-0.997091,-0.0467769,0.0602258,0.448924,-0.0238861,0.941601,0.335887,-0.00319746,-0.0724191,0.33347,-0.939978,-0.351472,0,0,0,1
132776518159386990,593.747,593.909,-0.999882,0.00497936,0.0146933,0.449192,0.0095603,0.943641,0.330838,-0.00423786,-0.0122165,0.330938,-0.943575,-0.352747,0,0,0,1
132776518160719770,591.324,591.534,-0.97846,0.166605,-0.121923,0.442763,0.116444,0.933024,0.340457,-0.00510503,0.17048,0.318925,-0.932324,-0.351229,0,0,0,1
132776518161052965,590.791,591.008,-0.967348,0.201505,-0.153752,0.440804,0.139104,0.92915,0.342541,-0.00386517,0.211883,0.309967,-0.926838,-0.349485,0,0,0,1
132776518161386161,590.257,590.482,-0.952689,0.23899,-0.187813,0.439522,0.165045,0.925603,0.340621,-0.0017825,0.255246,0.293507,-0.921253,-0.348807,0,0,0,1
132776518163052136,588.301,588.552,-0.868246,0.280081,-0.409524,0.441539,0.14757,0.933849,0.325808,0.0158423,0.473686,0.222448,-0.852141,-0.34356,0,0,0,1
132776518163385331,588.301,588.552,-0.85226,0.270338,-0.447858,0.441318,0.135708,0.941067,0.309803,0.0223992,0.505216,0.203254,-0.83872,-0.340013,0,0,0,1
132776518163718526,588.301,588.552,-0.835963,0.256428,-0.485197,0.440946,0.126969,0.950505,0.283586,0.0298005,0.533902,0.175461,-0.827145,-0.335603,0,0,0,1
132776518164051722,588.301,588.552,-0.819328,0.239053,-0.521115,0.441241,0.118743,0.959974,0.253678,0.0375165,0.560899,0.145966,-0.814919,-0.331247,0,0,0,1
132776518164718112,588.301,588.552,-0.783951,0.210444,-0.584072,0.439231,0.0998405,0.971287,0.215952,0.0507686,0.612747,0.110981,-0.782452,-0.322737,0,0,0,1
132776518165051307,588.301,588.552,-0.76631,0.205761,-0.608635,0.436624,0.0921727,0.972739,0.212802,0.0563254,0.63583,0.106972,-0.764385,-0.318704,0,0,0,1
132776518165384502,588.301,588.552,-0.747904,0.202844,-0.632061,0.432717,0.0872285,0.973944,0.209347,0.0614555,0.658056,0.101437,-0.746109,-0.314375,0,0,0,1
132776518165717697,588.123,588.377,-0.727891,0.21592,-0.650812,0.427273,0.0917144,0.971256,0.219657,0.0655023,0.679534,0.100198,-0.726772,-0.310249,0,0,0,1
132776518166050892,588.123,588.377,-0.706033,0.234103,-0.668368,0.421025,0.103991,0.967823,0.229138,0.0688441,0.700504,0.0922754,-0.707659,-0.305686,0,0,0,1
132776518166384087,588.123,588.377,-0.680071,0.263673,-0.684093,0.413396,0.1183,0.960327,0.252539,0.0711699,0.723541,0.090816,-0.684283,-0.301815,0,0,0,1
132776518166717282,588.123,588.377,-0.652301,0.290272,-0.700178,0.405211,0.135949,0.953588,0.268675,0.0734906,0.745671,0.0800693,-0.661488,-0.297498,0,0,0,1
132776518167050477,588.123,588.377,-0.61812,0.31538,-0.720047,0.396446,0.148554,0.946349,0.286975,0.0755602,0.771921,0.0704186,-0.631808,-0.293945,0,0,0,1
132776518167383672,588.123,588.377,-0.578394,0.343885,-0.739734,0.387817,0.162565,0.937205,0.308576,0.0771463,0.799398,0.0582235,-0.597977,-0.290798,0,0,0,1
132776518167716867,588.123,588.377,-0.535898,0.361923,-0.762777,0.37978,0.180192,0.931672,0.315465,0.0790824,0.824832,0.0316111,-0.564496,-0.287322,0,0,0,1
132776518168050063,588.123,588.377,-0.493591,0.386522,-0.779084,0.371545,0.200305,0.922253,0.330647,0.0811056,0.846315,0.00715035,-0.532637,-0.284103,0,0,0,1
132776518168383258,588.123,588.377,-0.457434,0.403275,-0.792544,0.364546,0.201861,0.915079,0.349116,0.083897,0.86603,-0.000286162,-0.499993,-0.281805,0,0,0,1
132776518168716453,588.123,588.377,-0.425432,0.419796,-0.801737,0.357988,0.19032,0.907595,0.374232,0.0877624,0.884754,0.00662351,-0.466015,-0.280105,0,0,0,1
132776518169049648,588.123,588.377,-0.397074,0.439175,-0.805891,0.351482,0.18039,0.898297,0.400652,0.0921966,0.899886,0.0137133,-0.435912,-0.277844,0,0,0,1
132776518169382843,588.123,588.377,-0.361786,0.457267,-0.812416,0.344958,0.184437,0.889328,0.418424,0.0963381,0.913836,0.0015406,-0.406083,-0.274635,0,0,0,1
132776518169716038,588.123,588.377,-0.33291,0.471723,-0.816487,0.338277,0.191176,0.881659,0.431426,0.100927,0.923378,-0.0124671,-0.383695,-0.27036,0,0,0,1
132776518170049233,588.123,588.377,-0.30134,0.471,-0.82907,0.332253,0.196798,0.881485,0.429248,0.106014,0.932989,-0.0338094,-0.358318,-0.265706,0,0,0,1
132776518170382428,588.123,588.377,-0.264514,0.476711,-0.838321,0.325952,0.18852,0.878071,0.439832,0.110371,0.945778,-0.0416983,-0.322131,-0.262373,0,0,0,1
132776518170715623,588.123,588.377,-0.235014,0.471326,-0.850072,0.320294,0.170627,0.88099,0.441297,0.115816,0.9569,-0.0413347,-0.287466,-0.260512,0,0,0,1
132776518171048819,588.123,588.377,-0.199394,0.468471,-0.860685,0.314055,0.161752,0.882008,0.442605,0.120888,0.966478,-0.050966,-0.251644,-0.258346,0,0,0,1
132776518172048404,588.123,588.377,-0.0881968,0.502475,-0.860082,0.289698,0.14683,0.860572,0.487706,0.136354,0.985223,-0.0832728,-0.149678,-0.248127,0,0,0,1
132776518172381599,588.123,588.377,-0.0426061,0.518665,-0.853916,0.280685,0.14383,0.848973,0.508486,0.141166,0.988686,-0.101156,-0.110771,-0.243874,0,0,0,1
132776518172714794,588.123,588.377,0.00528869,0.530986,-0.847365,0.271324,0.14094,0.838522,0.526325,0.145515,0.990005,-0.122212,-0.0704025,-0.239964,0,0,0,1
132776518173047990,588.123,588.377,0.0555824,0.53277,-0.844434,0.262124,0.137456,0.833605,0.534985,0.149632,0.988948,-0.145809,-0.0268985,-0.235201,0,0,0,1
132776518173381185,588.123,588.377,0.107305,0.529866,-0.841266,0.252822,0.12972,0.831457,0.540234,0.153232,0.985728,-0.1671,0.0204849,-0.230302,0,0,0,1
132776518173714379,588.123,588.377,0.155318,0.517428,-0.841514,0.244449,0.117397,0.836147,0.535796,0.156315,0.980865,-0.182011,0.0691241,-0.226939,0,0,0,1
132776518174047575,588.123,588.377,0.198831,0.496881,-0.844735,0.236928,0.102272,0.846718,0.522121,0.158566,0.974684,-0.190207,0.117537,-0.224316,0,0,0,1
132776518174380770,588.123,588.377,0.240941,0.478496,-0.844388,0.229518,0.0877055,0.855724,0.509946,0.159377,0.96657,-0.196925,0.164212,-0.221617,0,0,0,1
132776518174713965,588.123,588.377,0.280322,0.457759,-0.843729,0.222775,0.0762265,0.865578,0.49494,0.159162,0.956876,-0.203058,0.207747,-0.219815,0,0,0,1
132776518175047160,588.123,588.377,0.313169,0.435404,-0.844008,0.217455,0.0698428,0.875747,0.477693,0.158232,0.947126,-0.208547,0.243846,-0.218763,0,0,0,1
132776518175380355,588.123,588.377,0.340752,0.41143,-0.845349,0.213166,0.0652924,0.886633,0.457843,0.156171,0.937884,-0.211207,0.275259,-0.217774,0,0,0,1
132776518175713550,588.123,588.377,0.368043,0.393636,-0.842376,0.209245,0.0591043,0.89423,0.44369,0.153163,0.92793,-0.213085,0.305849,-0.217316,0,0,0,1
132776518176046746,588.123,588.377,0.39105,0.3754,-0.840331,0.205867,0.0511208,0.902768,0.427081,0.150059,0.91895,-0.209968,0.333836,-0.217576,0,0,0,1
132776518176379940,588.123,588.377,0.405605,0.363868,-0.838502,0.20272,0.0524193,0.90658,0.418767,0.146379,0.912545,-0.213807,0.348639,-0.216711,0,0,0,1
132776518176713135,588.123,588.377,0.420328,0.358822,-0.83341,0.199523,0.0663048,0.903885,0.422606,0.141482,0.904948,-0.232892,0.356136,-0.214159,0,0,0,1
132776518177046331,588.123,588.377,0.436803,0.351297,-0.828127,0.196379,0.0709536,0.904271,0.421023,0.136946,0.896756,-0.242663,0.370062,-0.213009,0,0,0,1
132776518177379525,588.123,588.377,0.459434,0.333584,-0.823191,0.193364,0.063026,0.912216,0.404835,0.134141,0.885974,-0.237877,0.398079,-0.213604,0,0,0,1
132776518177712721,588.123,588.377,0.48029,0.315728,-0.818315,0.190922,0.0514679,0.921215,0.385637,0.132284,0.8756,-0.227335,0.4262,-0.214766,0,0,0,1
132776518178045916,588.123,588.377,0.498767,0.293766,-0.815435,0.18929,0.0525779,0.928824,0.366775,0.130572,0.865142,-0.225809,0.44782,-0.215063,0,0,0,1
132776518178379111,588.123,588.377,0.515127,0.284361,-0.808569,0.187458,0.0590973,0.929334,0.364482,0.127637,0.855075,-0.235539,0.46192,-0.214848,0,0,0,1
132776518178712306,588.123,588.377,0.53127,0.281819,-0.798957,0.185739,0.0648847,0.926748,0.37004,0.123584,0.844715,-0.248431,0.474067,-0.215644,0,0,0,1
132776518179045501,588.123,588.377,0.549811,0.284911,-0.785198,0.183798,0.0651642,0.922535,0.380373,0.118722,0.832745,-0.2603,0.488654,-0.217878,0,0,0,1
132776518179378697,588.123,588.377,0.570016,0.289374,-0.768991,0.181352,0.062928,0.917803,0.392018,0.113888,0.819222,-0.271847,0.504952,-0.22091,0,0,0,1
132776518179711891,588.123,588.377,0.597416,0.282759,-0.75043,0.178774,0.0647248,0.915721,0.396568,0.109703,0.799317,-0.285487,0.528764,-0.224693,0,0,0,1
132776518180045086,588.301,588.552,0.620076,0.274214,-0.735061,0.176539,0.0656398,0.915511,0.396903,0.106602,0.781793,-0.294359,0.549686,-0.228102,0,0,0,1
132776518180378282,588.835,589.078,0.640493,0.272479,-0.718002,0.17377,0.0735824,0.908865,0.41055,0.103085,0.764433,-0.315786,0.562072,-0.229439,0,0,0,1
132776518180711476,589.546,589.78,0.65407,0.27753,-0.703684,0.170747,0.0823567,0.898607,0.430957,0.0993441,0.751938,-0.339829,0.564895,-0.229618,0,0,0,1
132776518181044672,590.08,590.306,0.664087,0.285358,-0.691058,0.167612,0.0876735,0.888201,0.451015,0.0958254,0.742499,-0.3601,0.564824,-0.229453,0,0,0,1
132776518181377866,590.613,590.833,0.673235,0.291594,-0.679507,0.164523,0.0912252,0.879186,0.467665,0.0934733,0.733782,-0.376836,0.565297,-0.228863,0,0,0,1
132776518181711062,591.324,591.534,0.679997,0.295191,-0.67117,0.161567,0.0903199,0.874683,0.476207,0.0925087,0.727633,-0.384439,0.568119,-0.228274,0,0,0,1
132776518182044257,591.324,591.534,0.686911,0.295773,-0.663833,0.158628,0.0906328,0.87144,0.482057,0.0917072,0.72107,-0.391295,0.571794,-0.227904,0,0,0,1
132776518182377452,591.324,591.534,0.696611,0.293679,-0.654591,0.155459,0.0907314,0.868997,0.486429,0.0909365,0.711691,-0.398243,0.578707,-0.22774,0,0,0,1
132776518182710647,591.324,591.534,0.709382,0.28821,-0.643207,0.151905,0.0927034,0.866496,0.490504,0.0900723,0.698703,-0.407581,0.587958,-0.22767,0,0,0,1
132776518183043842,591.324,591.534,0.722026,0.285662,-0.630142,0.147671,0.0896637,0.864468,0.494628,0.0890802,0.686033,-0.413634,0.598555,-0.228272,0,0,0,1
132776518183377037,591.324,591.534,0.736275,0.28285,-0.614734,0.143295,0.0872894,0.86116,0.500784,0.087907,0.67103,-0.422374,0.609362,-0.228732,0,0,0,1
132776518183710232,590.613,590.833,0.753517,0.277451,-0.596017,0.138823,0.0873072,0.856324,0.509007,0.0864946,0.651607,-0.435581,0.621032,-0.229227,0,0,0,1
132776518184043427,590.08,590.306,0.774905,0.262543,-0.574974,0.134453,0.090631,0.854104,0.512146,0.0854542,0.625548,-0.448975,0.638056,-0.229996,0,0,0,1
132776518184376622,590.08,590.306,0.789396,0.249225,-0.56102,0.130969,0.0934603,0.854439,0.511079,0.0850994,0.60673,-0.455876,0.651198,-0.230165,0,0,0,1
132776518184709818,590.08,590.306,0.798202,0.24473,-0.55044,0.12812,0.0906434,0.854557,0.511388,0.0851345,0.595533,-0.458084,0.659926,-0.230014,0,0,0,1
132776518185043013,590.08,590.306,0.803517,0.24327,-0.543308,0.125772,0.0881721,0.853982,0.512779,0.0848185,0.588718,-0.45993,0.664739,-0.229285,0,0,0,1
132776518185376208,590.08,590.306,0.808468,0.236485,-0.538941,0.123934,0.0858177,0.858566,0.505471,0.0850565,0.582252,-0.454907,0.673829,-0.228783,0,0,0,1
132776518185709403,589.546,589.78,0.814032,0.2259,-0.535092,0.122331,0.0812854,0.867892,0.490059,0.0857527,0.575106,-0.442419,0.688129,-0.228675,0,0,0,1
132776518186042598,589.013,589.254,0.824486,0.211445,-0.524897,0.120334,0.0762628,0.877588,0.473312,0.0861959,0.560722,-0.430269,0.707434,-0.229085,0,0,0,1
132776518186375794,589.013,589.254,0.833981,0.202626,-0.513247,0.118301,0.071374,0.882711,0.464466,0.0862127,0.547161,-0.423987,0.721702,-0.229226,0,0,0,1
132776518186708988,589.013,589.254,0.837606,0.202043,-0.507541,0.117208,0.0664363,0.884518,0.461753,0.086202,0.542221,-0.420486,0.727454,-0.228777,0,0,0,1
132776518187042183,589.013,589.254,0.840191,0.200958,-0.503684,0.116496,0.0656436,0.884286,0.46231,0.0856825,0.538305,-0.421492,0.729778,-0.228057,0,0,0,1
132776518187375378,589.013,589.254,0.841458,0.199181,-0.502272,0.116073,0.0646461,0.885786,0.459571,0.0854762,0.536443,-0.419179,0.732476,-0.227227,0,0,0,1
132776518187708573,589.013,589.254,0.841411,0.197098,-0.503172,0.116126,0.0621545,0.889638,0.452419,0.0855964,0.536811,-0.411944,0.736301,-0.226475,0,0,0,1
132776518188041769,589.013,589.254,0.842818,0.193982,-0.502028,0.11595,0.0602598,0.892911,0.446185,0.0854773,0.534817,-0.406304,0.740872,-0.226135,0,0,0,1
132776518188374964,589.013,589.254,0.845208,0.192553,-0.498548,0.11556,0.0566491,0.895307,0.441834,0.0853869,0.531429,-0.401683,0.745813,-0.226147,0,0,0,1
132776518189041353,589.013,589.254,0.849538,0.187836,-0.492957,0.11457,0.0600521,0.893951,0.444124,0.0838243,0.524101,-0.406903,0.748165,-0.22588,0,0,0,1
132776518189374549,589.013,589.254,0.851561,0.177521,-0.493289,0.113973,0.0719722,0.892431,0.445408,0.083233,0.519295,-0.414794,0.747182,-0.225665,0,0,0,1
132776518189707744,589.013,589.254,0.853181,0.165657,-0.494614,0.113118,0.0807608,0.894845,0.439011,0.0834762,0.515328,-0.414501,0.750086,-0.225906,0,0,0,1
132776518190040939,589.013,589.254,0.854748,0.153863,-0.495717,0.112195,0.0911326,0.89573,0.435159,0.0836607,0.510983,-0.417126,0.751602,-0.226435,0,0,0,1
132776518190374134,589.013,589.254,0.85682,0.146569,-0.494349,0.111188,0.0959623,0.896669,0.432178,0.0840558,0.50661,-0.417737,0.754218,-0.22729,0,0,0,1
132776518190707329,589.013,589.254,0.85805,0.146276,-0.492297,0.110515,0.0943573,0.897361,0.431094,0.084423,0.504825,-0.416351,0.756178,-0.228139,0,0,0,1
132776518191040524,589.013,589.254,0.858556,0.147947,-0.490915,0.110303,0.0916397,0.89777,0.43083,0.0846649,0.504467,-0.414878,0.757227,-0.228828,0,0,0,1
132776518191373719,589.013,589.254,0.857821,0.149218,-0.491811,0.11061,0.0901759,0.898381,0.429861,0.0850757,0.505977,-0.413093,0.757194,-0.229279,0,0,0,1
132776518191706914,589.013,589.254,0.856221,0.149767,-0.494425,0.111256,0.0894241,0.899641,0.427374,0.0857797,0.508812,-0.41014,0.7569,-0.229735,0,0,0,1
132776518192040109,589.013,589.254,0.855103,0.150053,-0.496269,0.110655,0.0882083,0.901139,0.42446,0.0867793,0.510899,-0.406733,0.757332,-0.229734,0,0,0,1
132776518192373304,589.013,589.254,0.85419,0.150133,-0.497815,0.111069,0.0869128,0.902711,0.421376,0.0876115,0.512646,-0.403202,0.75804,-0.229999,0,0,0,1
132776518192706500,589.013,589.254,0.852808,0.151375,-0.499804,0.112072,0.0845794,0.904394,0.41823,0.0885161,0.51533,-0.398943,0.758473,-0.230233,0,0,0,1
132776518193039695,589.013,589.254,0.851557,0.152004,-0.501743,0.113349,0.0819319,0.906699,0.413743,0.0895713,0.517821,-0.393434,0.759653,-0.230465,0,0,0,1
132776518193706085,589.013,589.254,0.849933,0.156018,-0.503263,0.116451,0.0734855,0.910716,0.406441,0.0912647,0.521742,-0.38243,0.762584,-0.230439,0,0,0,1
132776518194039280,589.013,589.254,0.849983,0.158965,-0.502254,0.118004,0.0674506,0.912701,0.403023,0.0920425,0.522474,-0.37644,0.765059,-0.230296,0,0,0,1
132776518194372475,589.013,589.254,0.850539,0.162526,-0.500169,0.119412,0.0609446,0.914182,0.400694,0.0925585,0.522369,-0.371288,0.767644,-0.230072,0,0,0,1
132776518195038865,589.013,589.254,0.852003,0.16932,-0.495402,0.121651,0.0496256,0.915876,0.39838,0.0933267,0.521181,-0.364006,0.771927,-0.229223,0,0,0,1
132776518195372060,589.013,589.254,0.852404,0.170797,-0.494204,0.122619,0.045699,0.917196,0.395807,0.0937681,0.520884,-0.359971,0.774017,-0.228719,0,0,0,1
132776518195705256,589.013,589.254,0.852648,0.171369,-0.493586,0.123501,0.0429826,0.918475,0.393139,0.0943087,0.520717,-0.356424,0.775769,-0.22833,0,0,0,1
132776518196038450,589.013,589.254,0.852864,0.171684,-0.493103,0.124359,0.041217,0.919312,0.391367,0.0947145,0.520506,-0.354106,0.776971,-0.227955,0,0,0,1
132776518196371646,589.013,589.254,0.852741,0.171532,-0.493368,0.125291,0.0401401,0.920228,0.389321,0.0951119,0.520791,-0.351793,0.777831,-0.227561,0,0,0,1
132776518196704840,589.013,589.254,0.852396,0.171691,-0.493909,0.12624,0.0391601,0.920946,0.38772,0.0953335,0.52143,-0.349832,0.778287,-0.227094,0,0,0,1
132776518197038036,589.013,589.254,0.852261,0.172294,-0.493931,0.127188,0.0378733,0.921405,0.386757,0.0953196,0.521746,-0.348325,0.778751,-0.226625,0,0,0,1
132776518197371231,589.013,589.254,0.852278,0.174142,-0.493253,0.128112,0.0354783,0.921543,0.386652,0.0951184,0.521886,-0.347035,0.779233,-0.226177,0,0,0,1
